158374671
100147861
116900714
114399224
114008926
127795906
180982124
120762196
117317884
272824561
113766038
120570964
146045723
175372863
120282354
146795148
159650350
273026584
147162736
127909584
157063074
127797441
180601025
173206592
272830456
127255962
126843200
113504763
147212977
147353537
175106053
127710392
273025872
114046440
175374275
158373181
112372418
146470726
175018829
174788109
174583187
127991964
174583904
147354242
158737454
112425523
146078721
126523791
158915602
113846682
147789031
119846129
158838128
147633885
125437216
175264587
152995635
112789899
123663689
121145750
175265301
156872043
143515102
112670853
113036264
112672974
158257355
174957972
180674463
181057754
158258062
180436360
180435652
141601779
126352037
147790181
277618054
180568155
146012184
147635309
175072921
139311530
120572378
114155923
146658879
146659588
127649713
272829745
126523066
175019536
158314987
120812686
114474520
272404772
126710740
120280191
127761449
158914182
120280939
127139568
272875132
175106769
638314843
148964212
267494468
272825299
100148443
100148554
112460257
114400640
120436988
126115436
127711098
158738894
180404418
272916202
272970039
273028004
100142354
